340.0
